877 849
585
264
585
264
772
654
144
672
487
322
251
599
266
502
708
319
822
538
312
725
125
522
548
93
653
104
283
353
86
254
496
353
497
767
610
59
80
192
755
582
232
617
336
117
840
580
87
5
571
839
328
6
399
451
398
591
482
89
297
255
69
245
603
839
404
450
507
712
553
224
37
252
303
411
514
37
813
281
538
311
295
554
619
88
296
1
572
278
412
11
737
338
512
374
771
739
111
734
331
519
764
694
500
391
239
508
618
232
618
584
775
556
512
305
545
807
393
73
73
193
547
31
797
797
463
387
286
761
382
312
250
518
782
480
819
31
736
832
17
832
581
268
69
781
354
688
763
407
386
18
604
174
734
522
767
286
185
665
184
109
189
661
284
809
502
637
763
434
370
645
205
562
123
480
370
663
12
838
251
322
307
56
673
315
35
333
71
65
545
304
176
674
176
674
175
512
314
409
192
658
593
248
232
208
384
689
785
384
434
386
509
684
165
569
505
475
378
550
849
1
439
544
438
411
821
121
823
27
297
311
538
216
231
42
333
792
57
209
438
74
257
722
731
543
143
176
75
544
726
579
591
301
393
593
162
687
162
427
138
655
357
546
304
620
695
779
71
778
569
464
498
10
840
10
834
3
465
267
542
716
133
486
810
681
829
21
85
765
458
657
192
657
670
360
489
360
490
3
846
593
257
229
620
47
152
661
189
270
442
14
491
98
752
254
51
292
90
122
727
122
680
525
84
266
481
260
590
537
480
329
638
211
340
509
429
193
657
51
39
208
662
789
694
398
610
558
473
783
66
273
773
76
774
498
42
638
207
304
448
274
744
282
785
386
109
80
553
833
16
356
635
833
17
618
15
835
163
686
389
484
219
551
522
328
225
567
128
17
426
789
493
625
225
787
418
388
400
795
809
606
566
135
142
279
507
718
646
43
585
724
181
803
618
555
116
145
201
818
360
147
702
739
795
328
363
487
266
583
94
828
397
708
450
533
133
838
47
279
571
225
242
607
424
92
581
502
777
739
256
593
788
807
42
87
559
290
474
10
762
164
527
740
351
515
812
404
724
18
831
571
279
156
694
629
596
408
533
833
457
607
111
738
160
668
400
464
282
621
228
622
216
228
341
267
393
389
461
70
185
665
368
482
367
483
380
247
619
798
773
229
97
649
55
293
557
237
613
236
149
803
822
28
820
230
722
589
783
177
480
659
190
826
649
467
761
639
554
632
331
253
597
306
544
114
140
605
244
165
529
685
164
296
473
393
446
200
596
596
633
2
405
640
209
217
167
682
2
847
172
45
333
452
171
678
498
766
153
53
657
468
783
827
382
815
750
723
126
723
358
491
611
513
38
637
720
361
687
371
25
760
40
504
461
58
768
82
529
320
288
525
765
169
832
17
353
348
169
342
604
368
481
673
271
486
724
125
724
598
794
121
522
155
66
100
673
645
204
684
165
641
688
666
184
596
548
780
560
11
737
94
765
766
655
644
327
156
304
116
734
586
80
782
611
429
277
608
160
286
297
552
661
815
436
273
160
163
686
214
53
359
364
486
363
30
739
216
634
565
136
562
288
835
708
61
789
275
77
98
363
783
67
444
700
150
699
56
780
306
477
337
265
41
695
154
792
775
75
285
676
60
592
11
493
357
673
766
506
343
507
822
333
516
275
68
781
353
320
843
252
690
269
213
674
844
5
286
633
300
283
566
284
173
577
696
100
489
361
413
621
229
446
403
650
200
492
156
442
141
662
701
419
502
822
144
553
709
140
180
728
44
806
14
38
236
654
366
187
676
203
829
611
383
485
524
326
378
776
74
699
351
689
731
410
439
237
217
610
395
819
652
538
283
25
540
310
327
741
301
246
565
822
27
606
63
787
32
817
156
567
395
455
394
455
203
531
328
466
383
181
415
334
509
197
303
358
566
771
415
794
395
356
433
829
780
69
780
70
223
627
494
356
797
385
465
334
150
519
448
200
428
167
539
441
192
657
457
295
