10
10
185 185 185 186 186 189 191 191 194 197
20
336 341 343 344 345 346 347 350 351 356 360 363 367 372 374 378 381 382 382 385
20
244 246 248 248 250 251 253 256 256 257 257 260 262 263 263 264 266 267 269 271
50
605 605 608 610 612 613 613 614 616 618 618 618 618 618 621 622 624 626 627 630 632 632 633 636 636 638 640 641 642 642 643 644 644 644 647 649 650 653 656 656 657 660 660 661 664 667 669 670 671 674
50
665 668 669 672 675 675 676 676 677 678 679 681 682 684 685 685 688 689 692 695 697 700 700 700 702 705 707 707 708 710 710 711 712 714 714 715 717 719 720 723 726 729 730 731 732 734 735 735 738 738
70
351 354 354 356 358 361 361 363 363 365 367 368 368 368 370 371 373 373 375 376 379 380 382 382 384 385 386 389 389 391 394 396 397 400 400 403 405 406 407 410 413 413 413 416 416 418 418 421 423 426 426 428 428 431 433 436 436 436 438 438 440 441 444 447 447 450 453 455 455 455
70
1 5 9 10 15 19 21 25 26 27 27 32 35 38 43 47 52 55 59 61 66 67 72 75 80 80 80 82 83 85 90 95 100 103 107 111 113 113 113 113 114 115 119 123 126 128 131 132 133 138 142 143 147 152 152 157 160 161 164 167 167 171 171 174 177 179 180 185 187 187
100
28 29 30 35 39 40 40 44 47 52 52 54 56 61 64 69 69 71 74 75 75 76 78 81 85 89 91 92 96 98 102 107 109 112 116 120 123 127 129 133 135 137 137 141 141 144 147 151 154 158 162 162 163 168 168 172 173 177 182 182 182 183 185 190 191 191 194 194 197 202 202 203 204 205 210 213 214 217 218 221 225 228 229 229 232 233 235 237 240 241 244 247 248 253 255 255 258 261 261 265
100
2 5 7 7 10 10 15 19 24 26 28 28 32 32 35 38 41 45 46 48 53 57 58 62 67 69 69 71 71 75 78 83 83 87 92 95 97 101 102 107 112 113 118 119 119 120 124 125 130 133 137 140 144 144 147 147 152 155 155 160 163 166 167 168 171 176 176 176 177 180 185 185 185 189 192 193 197 201 204 209 212 213 214 219 220 224 224 228 229 233 236 238 239 241 244 246 247 249 249 249
100
380 380 383 385 387 389 389 389 394 394 398 402 403 404 409 412 413 414 416 416 419 421 426 431 435 437 438 442 444 445 446 446 446 448 450 452 454 456 456 457 457 459 463 468 472 473 475 480 483 485 489 492 492 497 500 503 506 511 513 518 523 527 527 532 534 534 539 541 543 543 545 546 550 555 560 564 565 566 570 570 574 575 579 581 585 590 595 600 604 606 610 611 615 617 622 626 628 632 632 634
